0.0756079136106468
0.0759231883686871
0.0762247124339061
0.076512679760673
0.0767872843033568
0.0770487200163269
0.0772971808539523
0.0775328607706023
0.0777559537206461
0.0779666536584529
0.0781651545383918
0.0783516503148321
0.078526334942143
0.0786894023746935
0.078841046566853
0.0789814614729906
0.0791108410474755
0.0792293792446769
0.079337270018964
0.0794347073247059
0.0795218851162719
0.0795989973480312
0.0796662379743529
0.0797238009496063
0.0797718802281605
0.0798106697643847
0.0798403635126481
0.0798611554273199
0.0798732394627693
0.0798768095733655
0.0798720597134777
0.079859183837475
0.0798383758997267
0.0798098298546019
0.0797737396564698
0.0797302992596997
0.0796797026186607
0.079622143687722
0.0795578164212528
0.0794869147736222
0.0794096326991996
0.079326164152354
0.0792367030874547
0.0791414434588708
0.0790405792209716
0.0789343043281262
0.0788228127347038
0.0787062983950736
0.0785849552636048
0.0784589772946667
0.0783285584426283
0.0781938926618588
0.0780551739067276
0.0779125961316037
0.0777663532908563
0.0776166393388547
0.077463648229968
0.0773075739185654
0.0771486103590161
0.0769869515056893
0.0768227913129543
0.0766563237351801
0.0764877427267359
0.076317242241991
0.0761450162353146
0.0759712586610758
0.0757961634736438
0.0756199246273879
0.0754427360766772
0.0752647917758809
0.0750862856793681
0.0749074117415082
0.0747283639166703
0.0745493361592235
0.074370522423537
0.0741921166640293
0.0740514742449716
0.0739667228570685
0.0737896709739957
0.0736109297857755
0.0734298959691413
0.0732371863539185
0.0730465690558205
0.0728494125697992
0.0726436697781955
0.0724507475064548
0.0722454513333619
0.07202672892774
0.0718083464141369
0.0715918939376379
0.0713662458587921
0.0711432794821766
0.0708956009447264
0.0706571805322322
0.0704187834163791
0.0701625472461354
0.0698948981112015
0.0696339850904982
0.0693780577500852
0.069106757613362
0.0688539106065921
0.0685900857048806
0.0694010901633691
0.0704271632380579
0.0714257803253054
0.0720448628738
0.0722932080535927
0.0722875292484535
0.0722631916259239
0.0722638473168539
0.0722483303601328
0.0722274597556636
0.0722101557275497
0.07219481618371
0.0721883221952525
0.0721764506650562
0.0721590492689299
0.0721501867886375
0.0721317002070972
0.0721129667209855
0.0720985216088669
0.0720811751689194
0.0720701562559603
0.0720538882314627
0.0720369103563227
0.0720283031434984
0.0720124036838084
0.0719826255986977
0.0719754372906918
0.0719682907971698
0.0719494651200771
0.0719366722774201
0.0719167434944203
0.0718965638245174
0.0718875595732132
0.0718951819553847
0.0718850176508287
0.0718677492645844
0.0718457225891952
0.0718369483175521
0.0718184274879583
0.071794851685501
0.0717868780616653
0.0717624271417961
0.0717531333749704
0.0717300147442031
0.0717049485540717
0.0716798256157123
0.0716543412807424
0.0716241006477937
0.0715956821307575
0.0715824028462718
0.0716228557708747
0.0716133975337458
0.0716092232535588
0.0716615013141925
0.0716541136904803
0.0716677565618589
0.0716500039240683
0.0716367308121968
0.0716446584401004
0.0716279412085764
0.0716038381453895
0.0715862637169467
0.0715869429036343
0.0715787904731009
0.0715622614067542
0.071559907649547
0.0715623539959684
0.0715520487168669
0.0715544948641717
0.0715463948013015
0.0715709655893577
0.0715716949534259
0.0715680473366186
0.0715717536928198
0.0715746414807207
0.0715715740896559
0.0715617998544992
0.0715611320174572
0.0715557984804847
0.0715572255490833
0.0715450567378186
0.0715488773869423
0.0715644528839408
0.0715623561862509
0.0715701354722951
0.0715610021934407
0.0715570533132332
0.0715509468056594
0.0715564507864327
0.0715551035635866
0.0715649178211778
0.0715659920551794
0.0715633185167291
0.071570516979681
0.0715758624636489
0.0715795072928239
0.0715654819184765
0.0715649578436123
0.0715668034552826
0.0715551975466169
0.0715373138901103
0.0715312975823515
0.0715368380014608
0.0715365218043163
0.0715307940164961
0.0715462888712758
0.0715481261200492
0.0715323598693578
0.071555809033664
0.0715633892031185
0.0715712182683101
0.0715860309496533
0.0715965532658376
0.0716024845508125
0.071610256867776
0.0716181237651197
0.0716351657558016
0.0716502611827022
0.0716659101537223
0.0716749289405376
0.0716796613445257
0.071689183896313
0.0716944121006096
0.0717089637401037
0.0717351865985048
0.0717478902369296
0.0717466236563023
0.0717700507186671
0.0717818513633575
0.0717842210498919
0.0717907755697927
0.071779406012519
0.0717955049870319
0.0718069870451788
0.0718235360231844
0.0718378178596995
0.0718495338798392
0.0718613305421978
0.071863373677525
0.0718783615814672
0.0718860881016151
0.0718982802095209
0.0718950304276599
0.0719029729893077
0.071915369191718
0.0719278301070199
0.0719380119338358
0.0719459146721656
0.0719584233754491
0.0719570743605537
0.0719532859683174
0.0719429559987588
0.0719343973703824
0.0719363759919345
0.0719422995113625
0.0719360460557454
0.0719379641458543
0.0719534930495707
0.0719556938852371
0.0719624270127188
0.0719647602609172
0.0719628399805259
0.0719135006816399
0.0718636064448184
0.0718346051135242
0.0718232090737441
0.0718396180727872
0.0718600715280009
0.0718826766370833
0.0718939639592053
0.071918378241622
0.0719242870264222
0.0719323414915934
0.0719447291319903
0.0719564537141435
0.0719632706697095
0.071979547455337
0.0719891641892712
0.0720029418625811
0.072013991439495
0.0720243540641743
0.0720410631319181
0.0720442111652018
0.0720541486759621
0.0720704206827914
0.0720747138355826
0.0720832903844521
0.0720941012205749
0.0721021521016475
0.0721049429197692
0.0721209313845748
0.0721249190925173
0.0721349147453218
0.0721327533347403
0.0721503640024024
0.0721633039922192
0.0721715772865225
0.072179574804349
0.0721854017522309
0.0721912515985206
0.0721852430563089
0.0721922658984287
0.0721989970347446
0.0722032410057381
0.0721978081095873
0.072198507606167
0.0722007942610835
0.0721827114879871
0.0721877571023709
0.072194668638317
0.0721920197903238
0.0721981199261668
0.072210474911443
0.0722106270365175
0.0722035665613623
0.0722215252848233
0.0722186536253662
0.0722217441139554
0.0722312497408325
0.0722297651275395
0.0722328068325642
0.0722350839298844
0.0722365984106659
0.072239547725593
0.072239695270986
0.0722533132527908
0.072250671971228
0.072256673146126
0.0722508139413565
0.0722511070409766
0.0722417372116136
0.0722433616047527
0.0722420617716549
0.0722308043170213
0.0722324418518552
0.072235704377178
0.0722368122618832
0.0722291870920795
0.0722303925439137
0.0722221212407763
0.0722089144347293
0.0721753999268122
0.0721606826223154
0.0721600649626541
0.0721527414544838
0.0721495390623711
0.0721592436067214
0.0721640066746644
0.0721527125825783
0.0721436746805704
0.0721393890942096
0.0721559796875826
0.072152446761931
0.0721488541013025
0.0721545888582033
0.072167768186161
0.0721495838636038
0.0721493783752832
0.0721654132342542
0.0721499500390123
0.0721476416803876
0.0721407781315396
0.0721315548519867
0.0721310974811801
0.0721234424438879
0.0721175219112088
0.0721136385403593
0.0720937816384484
0.0720875345545622
0.0720767342716186
0.0720725064290689
0.0720770504687631
0.0720678224104121
0.0720632879283141
0.0720564136271702
0.0720423595800339
0.0720258133896605
0.0720183477122451
0.0719971079456185
0.0719866851877291
0.0719759518079596
0.0719584717607804
0.07197086975524
0.071953828760141
0.0719433721524313
0.0719374548056177
0.0719220059467703
0.0719128408092616
0.0719033750057024
0.0718843776901094
0.0718716621046891
0.0718603863313293
0.0718574394058013
0.0718477637333565
0.0718313632963267
0.0718236043201747
0.0718063277701501
0.0717955012038167
0.0717798506398639
0.0717728495014524
0.0717541452854794
0.0717558254312636
0.0717487635622922
0.0717329676432289
0.0717214600981586
0.0717004708202019
0.0716859653757566
0.0716643219998026
0.0716449198801827
0.0716301028182745
0.0716129857606383
0.0716004557518797
0.071599253485911
0.0716478275797426
0.0716958885501224
0.0717333533320632
0.0717612545441992
0.0717580589220506
0.071745723051967
0.071749142680279
0.0717523562229207
0.0717459884743811
0.0717485051089587
0.0717490871267506
0.0717410037896738
0.0717286440255995
0.0717237308237478
0.0717286099766626
0.0717292146937457
0.0717275940838218
0.0717215546785387
0.0717178311983108
0.0717162733101127
0.0717240707157665
0.0717298050744342
0.0717261463070979
0.0717334548815239
0.0717384176634064
0.0717389974909157
0.0717306570943216
0.0717337529590587
0.0717365620959067
0.0717387898123126
0.0717250738651456
0.071731736306238
0.071728742787428
0.0717276739295743
0.0717177067504421
0.0717170022759477
0.0717254141553975
0.0717225938680205
0.0717223174941939
0.0717220928906807
0.071719578247269
0.0717216625997303
0.0717236603364751
0.0717189910524459
0.0717143914592231
0.0717331691492177
0.0717346230985559
0.0717380654261592
0.0717325248079333
0.0717297282154306
0.0717199918124259
0.0717189785081007
0.0717359231307703
0.0717365587109247
0.0717279266085267
0.0717172105519005
0.0717111412791289
0.0717169045097021
0.0717138470744668
0.0717082546859276
0.0716980802264256
0.07169444535308
0.0716840269757556
0.071671661039067
0.0716683168759424
0.0716669571087511
0.071663042476597
0.0716523323934686
0.0716529858941161
0.0716556237906969
0.0716529140130272
0.0716453095513488
0.0716353045400646
0.071620398871274
0.0716148096686002
0.0716053641749332
0.0716027350394824
0.0715931501642025
0.0715906803220235
0.0716115977188913
0.0716198949071853
0.0716218675552398
0.0716195647718796
0.0716194226026345
0.0716138043289387
0.0716073995447134
0.0716033037164627
0.0716085542218173
0.071611580395748
0.0716031553746033
0.0716014401842994
0.0715931137258666
0.0715852093946041
0.0715775728751547
0.0715795833553612
0.0715729294762822
0.0715773663912512
0.0715772311910867
0.0715748716594984
0.0715793703006102
0.0715838460433142
0.0715812674834772
0.0715807171252231
0.071577655707656
0.0715833611944182
0.0715934506311364
0.0715946128746707
0.0715959344114767
0.0715949230983175
0.071584543548728
0.0715920373015825
0.0715992493044625
0.0715949115495553
0.0715885575400604
0.0715961548335416
0.0716014431710482
0.0716133626883426
0.0716114165227946
0.0716205083853983
0.0716251316734953
0.0716207530996871
0.0716230415466529
0.0716232211498168
0.071616904972474
0.0716152186540756
0.0716112771411818
0.0716096216858548
0.071608058819742
0.0716065905340093
0.0715936401901299
0.0715850190391443
0.0715855650168333
0.0715775680963566
0.071572001592974
0.071570908642013
0.0715763363611325
0.071568082580255
0.0715467446491497
0.0715353135648499
0.0715134208949255
0.0715037549791937
0.0714995711414102
0.0714825500579703
0.0713855185526287
0.0713699773036836
0.0713649292999008
0.0713504511344282
0.0713315111644131
0.0713171620264907
0.0712962482137215
0.071266538425601
0.0712398661610568
0.0712166366223491
0.0711853757159946
0.0711507192744353
0.0711177481556916
0.0710893457670993
0.0710541704277072
0.0710122987974025
0.0709687898313805
0.0709199146732652
0.0708710170149753
0.070825088782388
0.0707760354149249
0.0707269852333273
0.0706757656764845
0.0706026305513097
0.0705314738485703
0.070463024334985
0.0703845293894477
0.07030357694696
0.0702253952118184
0.0701414283432788
0.070054831542822
0.0699554209924663
0.0698558435824084
0.0697640386884306
0.0696721165147814
0.0695568011285878
0.069441933754721
0.0693239378609964
0.069211843982108
0.0690734927976484
0.0689330670174405
0.0687838347087019
0.0686550574481097
0.0685075654183654
0.0683677636695496
0.0682371296467582
0.0681020473593523
0.0679513571189436
0.0677882228881432
0.0676486887520241
0.0675223120410377
0.0674001215572338
0.0673108780990664
0.0672219424751466
0.0671557240629492
0.0670755660956545
0.0670099792812797
0.06695943333586
0.066927843090666
0.0669124951839296
0.0669236528811518
0.0669582185255461
0.0670234881471934
0.0670887958001094
0.0671840382428923
0.0672933552418203
0.067441397430702
0.0676119043514704
0.0677969501682711
0.0679775660391835
0.0682158387071681
0.0684714173944325
0.0687450515758205
0.0690507401431732
0.0694088543165525
0.069819357060273
0.0702925375249923
0.0707957266518332
0.071336062173188
0.0719281024985147
0.0725589504480633
0.0732008702755839
0.0739032279615854
0.0746858272438493
0.075509091111651
0.0763937521816629
0.0773115779117437
0.078279205687665
0.0793282607991406
0.0804270379115875
0.0815701531115361
0.0827676494415392
0.0840088231901993
0.0853199547606119
0.0866866762978952
0.0881211725426414
0.0896039041839
0.091165781483711
0.0928181150608377
0.0945629090237555
0.0963780940861251
0.0983106169618902
0.100307912066062
0.102415172691894
0.104619182276627
0.106897322967716
0.10924419990028
0.111674220155169
0.114242504978801
0.116913000131156
0.119645539017289
0.122521096380745
0.125527216483253
0.128647744597655
0.131857279022366
0.135182469720873
0.138568749787342
0.142099408894792
0.145715701476637
0.149513871133874
0.153400310967388
0.157476736700294
0.161667834075458
0.165964045695692
0.170409473894453
0.174973171374017
0.179667638873003
0.184513349559167
0.189520754265838
0.194648279042013
0.199918619395706
0.205375034600736
0.210962624828331
0.216656103267179
0.222504227198373
0.228475441222125
0.234614601726417
0.240908527591243
0.247335706857598
0.253895124429109
0.260610205974323
0.267420605427507
0.274361461490601
0.28135309208496
0.288508380785867
0.295821519561516
0.303274564223957
0.310869666227942
0.318564211636521
0.32634594741211
0.334179384407573
0.342182188182211
0.350205807406023
0.358284693231364
0.366445634804216
0.374744391539669
0.383093242823232
0.391521876341085
0.399985336346065
0.408537852838735
0.417073203490204
0.425645162124928
0.434271016443461
0.442970869057585
0.451725350303685
0.460438499326322
0.469123729415446
0.477815397939499
0.486488304304652
0.495146906930465
0.503774780092101
0.512360561997834
0.520829743219787
0.529197205532759
0.537567872428126
0.54584433328256
0.554087569741948
0.562222888394684
0.570283346178762
0.578222091557969
0.586027816302939
0.593690165952774
0.601212908589818
0.608588439752393
0.615852516598565
0.622915336152551
0.62986996610574
0.636653371123738
0.643256071863057
0.649727224037089
0.656031842263667
0.662163312686147
0.668087151497054
0.673820614936519
0.679362252639302
0.68468887170415
0.689826224476961
0.694766599769564
0.699523614568183
0.70406940210785
0.708386677674761
0.712490378597245
0.716389965900062
0.720068713590559
0.72352856743605
0.72673715725166
0.729761450924429
0.732598043361557
0.735174206830411
0.737543943542176
0.739683376430994
0.741593583912315
0.743317413885083
0.744836878753932
0.746193860503228
0.747323866663375
0.748262676693498
0.748973054596617
0.749499119631103
0.749838538946989
0.749959998473792
0.74986783417437
0.749646785688747
0.749248301224149
0.748639664929301
0.747833049796917
0.746863663821508
0.745673212634683
0.744298296055916
0.742771074202081
0.741042845743846
0.739129775165082
0.737071883108274
0.734844990447699
0.732451008901736
0.729876890161142
0.727150010964955
0.724288933359905
0.721296080594887
0.718143211366632
0.714835331665319
0.711386847377102
0.707778445984824
0.704032080490738
0.700151646411803
0.69620291832934
0.692144283862843
0.688016894637029
0.683759108138049
0.679423296210449
0.674957364976443
0.670409271268434
0.665763153657999
0.661097566228305
0.656341970334505
0.651485416157097
0.646609219526345
0.641669498530856
0.636741694464144
0.63170358637757
0.626589816973647
0.621513362217756
0.616397870654448
0.611226969125666
0.606038018673609
0.600848038589666
0.595647218797695
0.590501157262599
0.585314614329227
0.580179594207266
0.575004179103628
0.569892524517004
0.564749104263471
0.559642312502202
0.554586508127832
0.549541059209944
0.544540403360965
0.53957864553514
0.534670567948973
0.529749293910823
0.524920684552084
0.520153568967102
0.515397183576023
0.510678595292474
0.506045789820762
0.501423771689417
0.496881825108765
0.49236064360079
0.487892449804975
0.483489294058214
0.479108235673231
0.474749555006184
0.47046977189842
0.466221604522773
0.462108233702225
0.458027066206851
0.453967860474859
0.449935875573615
0.445924627669608
0.441929417013972
0.43798978736496
0.434143543993882
0.430345341681524
0.426603511067768
0.422914952504662
0.419269131529909
0.41561949767158
0.411992553746
0.408363130022412
0.404797967195828
0.401217283231074
0.397686606004015
0.394197044958919
0.390706484348542
0.387154132683341
0.383555837254458
0.380024219400629
0.376524298120253
0.372999802069489
0.369473478327547
0.365902994906569
0.362324869988226
0.358734386102275
0.355204469898822
0.351685036785585
0.34813082158822
0.344583892465107
0.340967046140026
0.337379613715813
0.333749224874114
0.330130564796017
0.326520433279691
0.322939032296097
0.319394644697136
0.31586622684602
0.312317554258047
0.30883174237922
0.305329159308272
0.30184650641414
0.298405965085803
0.294955968507087
0.29153728739267
0.288143940678432
0.284830134470943
0.281554251610901
0.278315652734937
0.275124088184215
0.271952337127988
0.268829653178269
0.265768526918732
0.262806769793299
0.259903548166449
0.257049629001916
0.254254347482776
0.251503388719161
0.248845658931373
0.246270472328508
0.24375743339828
0.241309499221163
0.238968017750831
0.236710448790209
0.234542610924283
0.232459618230174
0.23041886792146
0.228458977067786
0.22653678236953
0.224718185245279
0.22295174830464
0.221272404562117
0.219646182736334
0.218087106807824
0.216636305702011
0.215275553480972
0.213946199357616
0.212693504723075
0.211529213473808
0.210451261567248
0.209397009512781
0.208430883275062
0.207520917871478
0.206654697387074
0.205887704663997
0.20518623125477
0.204555495407861
0.203990534739622
0.203448804406556
0.202994769201056
0.202610822836024
0.202283557795892
0.201990582623677
0.201739029476507
0.201568358881902
0.201464713121683
0.20143780490398
0.201510489826545
0.201653163633051
0.201838773148917
0.202073440014578
0.202361641963904
0.202736263101689
0.203125724797139
0.203610279199697
0.204142477622496
0.204709802601123
0.205299771715683
0.205933973385952
0.206637953673044
0.207353603386993
0.208154892947068
0.208959884881013
0.209833935227075
0.210797486090821
0.211776311387283
0.212786892793057
0.213837491655453
0.214910294606119
0.216026721612197
0.217180921234462
0.218359826446716
0.219605579080473
0.22089099952212
0.222195171967722
0.223538615381849
0.224903154999542
0.226271035196261
0.227665325819209
0.229086216228262
0.230545452510166
0.232014350526353
0.233496973848187
0.235029748267243
0.236560175300823
0.238108469464232
0.239644183441502
0.241182001483776
0.242736130957964
0.244316226031919
0.245908781622943
0.247490747198143
0.249053117112397
0.250623571359311
0.252221902127903
0.253797959515652
0.255370823670651
0.256963200056744
0.258529382655459
0.260108716705808
0.261663955458518
0.263190671357098
0.264684262618044
0.26619300247002
0.267656643011772
0.269104825535313
0.270533501801258
0.271926134977712
0.2733086337171
0.274665499580541
0.275966702401323
0.277246511339239
0.278524280327692
0.279749761100566
0.280925584386243
0.282096436925374
0.283221586034548
0.284298211227271
0.285348290992717
0.286384428614551
0.287360602474503
0.288286019723684
0.289171382878791
0.290023005528652
0.290872411612636
0.291689478175699
0.292486407281576
0.293250972176075
0.293990626390499
0.294698315622307
0.295372982562408
0.296035595979749
0.296649712361379
0.297233982560025
0.2977976881964
0.298346885003347
0.298863356202306
0.299346310304833
0.29980011035364
0.300220503815722
0.300616573195203
0.300990984862335
0.30134173550511
0.301662150138089
0.301952605091628
0.302213189968191
0.302441662515862
0.302635642096695
0.302778983939359
0.302906545394054
0.303021420931701
0.303157469332801
0.303264969791081
0.303323959076371
0.30333657490438
0.303325614133465
0.303298673658875
0.303261329143354
0.303202913911192
0.303094614198921
0.302982614103946
0.302842665008854
0.302682016350443
0.302510429620408
0.302277059800213
0.302056992362027
0.301817960661603
0.301565246664715
0.301277205402477
0.300988732057239
0.300677008863401
0.300336400224125
0.299999800000916
0.299631413800906
0.299249400459727
0.298875722338112
0.298501577686326
0.298126068488551
0.297737192992341
0.297333398884762
0.296904063295752
0.29648163207449
0.296019484859124
0.295573092345688
0.295109331489479
0.29461544568706
0.294126581007684
0.293637487145114
0.293146721300539
0.292675262198738
0.292183041011009
0.291679038692016
0.291176633088956
0.290654393283276
0.290127968046879
0.28960008448058
0.28908900018184
0.28855576834394
0.288013132428624
0.287490649899821
0.28694774219036
0.286416482801399
0.285874319787983
0.285337377014201
0.284804378939178
0.284258242753331
0.283734181229972
0.283202111038256
0.282658893702499
0.282131970873744
0.281594307098791
0.281098859027609
0.280607196760147
0.280119421845867
0.27963798760027
0.279143100042288
0.278671345053235
0.278179482673601
0.277692826794555
0.277225419317122
0.276760132630486
0.276300201582764
0.275848865004404
0.275417698538351
0.274960851607488
0.274530763158652
0.274113219054969
0.273694616447494
0.273296687717299
0.27291318199728
0.272521888827438
0.272121549591807
0.271740487032344
0.271371698616823
0.27101651862551
0.270654184375128
0.270279291443198
0.269925698610222
0.269590108107239
0.269250467771939
0.268905077945109
0.26855412380518
0.268209359204443
0.26788313932729
0.267547048842551
0.267215574875944
0.26690576021462
0.266596136107871
0.26629725772612
0.265992887708825
0.265666628406587
0.265340734085058
0.265031620314129
0.264728314774123
0.264415303893299
0.264135946105539
0.263858317247128
0.26359370623312
0.263319123062066
0.263038209974624
0.262790628606069
0.262545752236386
0.26230609590722
0.262053365184538
0.261798394001989
0.261584101741372
0.26134475225087
0.261113891697938
0.260894877586512
0.260674566031388
0.260421646147946
0.26018940730998
0.259967879948959
0.259739675611334
0.259516692508925
0.259280487865841
0.259041899598062
0.258793147623077
0.258531736810899
0.258314048019494
0.258088655009
0.257839765444451
0.257599628049604
0.257345555480224
0.257094879242515
0.256823161558303
0.256543419873759
0.256255643237468
0.255966250770053
0.255653120618392
0.255282892589927
0.254828499970148
0.254350523981482
0.253833157156102
0.253248726469485
0.25262253645432
0.251947445794116
0.251203826371924
0.250395570717957
0.249575383201467
0.248736132461792
0.247905305747679
0.247029604725089
0.24614138942395
0.245295518057667
0.244442388095222
0.243627404889038
0.242857669534053
0.242091367745542
0.241385939681727
0.240706404341007
0.240063610391658
0.239460441241014
0.238871365761709
0.238335976694676
0.237880229086504
0.23744524595366
0.237059533424477
0.236718798147049
0.236461641261695
0.236235700481462
0.236038984441337
0.235915780454092
0.235823192036333
0.23585241976319
0.235902142162395
0.236025095860087
0.236209630743718
0.236456962818303
0.236742261249517
0.237098867114729
0.237564911838222
0.238047776338283
0.238558321230182
0.239137213687972
0.239760198324276
0.240476269169812
0.241262634543254
0.242108395997179
0.242976465876469
0.2438553840258
0.244823126492876
0.245855991633558
0.246924158353549
0.248043119317347
0.249252523217649
0.250466499631318
0.251724406540829
0.253111560227851
0.254505964347255
0.255946737941609
0.257431389066792
0.258951152013176
0.260538980775476
0.262142335056511
0.263753990309055
0.265392062757792
0.267042282513202
0.268772956720509
0.270569651418123
0.272368473676499
0.274186420685084
0.276017037681391
0.277848729309933
0.279676089157065
0.281568647142989
0.283482455647835
0.285360020751902
0.287261588564394
0.289180752110805
0.291094852122338
0.292996506749664
0.294934116656063
0.296825326025325
0.298719291168188
0.300668908402298
0.302607467099248
0.304512079006164
0.306404411990341
0.30825958424361
0.31010803551551
0.311950473864632
0.313812974006637
0.315615906230541
0.317419034783402
0.319189667110586
0.320948759237579
0.322711689535956
0.324455042093881
0.326163805312537
0.32784612684366
0.329516901006395
0.331158956583393
0.332782379825507
0.334374420301913
0.335899480944283
0.337416559400804
0.338883335829727
0.340335140682269
0.341752779716529
0.343109946445137
0.344418011420951
0.345676469883416
0.346875738550184
0.348063612770105
0.349199899465726
0.350278846756118
0.351296449211963
0.352289121673424
0.353222848257011
0.354116219284008
0.354907850893015
0.355632148638689
0.35628604891318
0.356893136280077
0.357448869686432
0.357890295037421
0.358302242571116
0.358617228887627
0.35884041668189
0.358993832231062
0.359088536461703
0.359055614126523
0.358926019691447
0.358739930503716
0.358477761853798
0.358140299455756
0.357708431501957
0.357187793589242
0.356595601935307
0.355864701682634
0.355038482327291
0.354147912273362
0.353149282641769
0.352038302071771
0.350860919703196
0.349593638782873
0.34824884754855
0.346800877681526
0.345247063807133
0.3436127337547
0.341941305493968
0.34031492457403
0.338628915005432
0.336912520444358
0.335185712682991
0.333457702257421
0.331723393973235
0.330011497455923
0.328357691013382
0.326703236645458
0.325068544200832
0.323431413971798
0.321814952243894
0.320230356935894
0.318639481689771
0.317066195407601
0.315475981825906
0.313881588388758
0.312319246350827
0.31073850793117
0.309188993183066
0.307624165174511
0.306080530936651
0.304572380071548
0.303079314080166
0.30158255646721
0.300106708087342
0.298630836809066
0.297190861274003
0.295737899952309
0.294307907326589
0.292917104628944
0.291527706897955
0.290191553540411
0.288817345617587
0.287507188921997
0.286224058321132
0.284933385183848
0.283630785560189
0.282353484495721
0.2810802900118
0.279754069585334
0.278482025995302
0.277263074653639
0.276053343206547
0.274889046182899
0.273698339927722
0.272521525240545
0.271347206678936
0.270206806433688
0.269121087984546
0.268027001461603
0.266921203498202
0.265851032271503
0.264819333356688
0.263758056668051
0.26275586065922
0.261756873215115
0.26070954165684
0.25971302086905
0.258721929194195
0.257742274577137
0.256769386340031
0.255756964897851
0.254752888033713
0.253801540627518
0.252880816755474
0.251989135232741
0.251060296961432
0.25011064204625
0.249173502604315
0.248269639327739
0.24734702046311
0.246446907547502
0.245566059560184
0.244648730028644
0.243733893635925
0.242858982508846
0.242005905312297
0.241124338912323
0.240275260176012
0.239456687694181
0.238600732665561
0.23781936810527
0.237024956032204
0.236194946691692
0.235363889997918
0.234536641807156
0.233727886171432
0.232954809241839
0.232179220058233
0.231432175631581
0.230658613454859
0.229937087810347
0.22920859627106
0.228478989479753
0.227744331498799
0.226998565798886
0.226242352650627
0.225492062822679
0.224748243885665
0.224006146510685
0.223261013404178
0.222528285460327
0.221804639224135
0.221099231868445
0.220368477966465
0.219657391805637
0.2189339466772
0.218184955089417
0.217469319910979
0.216764826699552
0.216089384598568
0.215413916015077
0.214699503213383
0.213999908469181
0.213303429700491
0.212614182049874
0.21190359188847
0.211177498907623
0.210426659318771
0.209680481248401
0.208943473094338
0.20821106672378
0.207464470906805
0.206708579530955
0.205943947135932
0.205172714424193
0.204395963793519
0.203618773115182
0.202854701432476
0.2020783432606
0.201333153604982
0.200584120600949
0.199827115167779
0.199054602136368
0.198275302614229
0.197498382734454
0.196717191405596
0.195929314139888
0.195173201744623
0.19440134978029
0.19363390765107
0.192866127023647
0.192115724694826
0.191363199384925
0.190610248761989
0.189853876917807
0.189120677266756
0.188390557152882
0.187651365287179
0.186929165234778
0.186158847264652
0.185387195014258
0.184614284147901
0.183853962427929
0.183066344212904
0.182308027397875
0.181565319531431
0.18079963838933
0.180049280463508
0.179305096545785
0.178541671195529
0.177776938445745
0.177013011122566
0.176233686710854
0.175484431492706
0.174729897096415
0.173974848780206
0.173218606560925
0.172449661499685
0.17167291325841
0.170922997172301
0.170168196158897
0.169404185007634
0.168637605849713
0.167906133933311
0.167163837043508
0.166404952148848
0.165639218838201
0.164882053116176
0.164144786707896
0.163401986252238
0.162686105563045
0.161927216686053
0.161184101028833
0.16044598937063
0.159669423719268
0.158910667453925
0.158147352812493
0.157386849697308
0.156627445506582
0.155885891321659
0.155142018822281
0.154422660362732
0.153677915931808
0.152941045964658
0.152225405410072
0.151492666913043
0.150774649105492
0.150058519719679
0.149342421794286
0.148630629765147
0.147929914193661
0.147208526138712
0.146479956943955
0.145778198798005
0.145055370930996
0.144352049918934
0.143650090665228
0.142936188000238
0.142218827078316
0.141510727666333
0.140793578405347
0.140090680914271
0.139398550254551
0.138696685581226
0.137975551399929
0.137262222987183
0.136561223674557
0.135861566208629
0.135152411677837
0.134436081980734
0.133739790779872
0.133028090145247
0.132335678133786
0.13162854463638
0.130923066395184
0.130219646621293
0.129528008177783
0.128834782177703
0.128124999633187
0.127427280169026
0.126735422697268
0.126027406914252
0.125323808333664
0.124631276055782
0.123938298154973
0.123254619198021
0.122569775608136
0.121884273141455
0.121218218392093
0.120547759183766
0.119888761524578
0.119248463899914
0.118583409313182
0.117928366507699
0.117291009038599
0.11663944061849
0.115998736198633
0.115382845090838
0.11476485927652
0.114147604419202
0.113545025848364
0.112943224031343
0.112332532056823
0.111728920469117
0.111125952227113
0.110533001540738
0.109945367864658
0.109367278842308
0.108785248107947
0.108197055312483
0.107606601548144
0.107027311454524
0.10645564931834
0.105887476103041
0.105306917835861
0.104732215189352
0.104151710882768
0.103592860505317
0.103042709332555
0.102499578612514
0.10194990631515
0.101416143831539
0.100884266185566
0.100342435895972
0.0998301043309135
0.099326349513841
0.0988191796481382
0.0983142142022002
0.0978045840519146
0.0973167890268589
0.0968207987612031
0.0963375730636485
0.095869608059764
0.0954228927783356
0.0949703439781778
0.0945106681979239
0.0940646609750886
0.0936188349483499
0.093165978513061
0.0927284574401634
0.0923012436375333
0.0918615950038744
0.0914579657648314
0.0910405186309275
0.0906320544428527
0.0902163955750412
0.0897952128147974
0.0893817416409572
0.0889861776193813
0.0885866328589435
0.0881898968371205
0.0878035027318514
0.0874119748035494
0.0870422867792753
0.0867146836391735
0.0863651975858603
0.0860205056626781
0.0856919107228429
0.0853567353779502
0.0850281653276888
0.0847038637397613
0.0843733073024006
0.0840370844051294
0.0837224136884141
0.0833838617243928
0.0830717805189268
0.0827566862812252
0.0824495015518173
0.0821612952219264
0.0818921648586816
0.081625793454904
0.0813726525520477
0.0811328397172415
0.0808752670764475
0.0806081888087764
0.0803508184704376
0.0801177375684137
0.0798870592071614
0.0796627830416188
0.0794130257269717
0.0791716450481381
0.07892064823272
0.0787233161258665
0.0785242935191663
0.0783303489828538
0.0781399162658345
0.0779531676039585
0.0777809458911193
0.0776187297869142
0.0774599528244469
0.0773181023650394
0.0771636050154351
0.0769964607756341
0.0768529797504733
0.0766965232927427
0.0765444768692414
0.0763924177022784
0.0762537793916964
0.0761083159617683
0.0759811800192253
0.0758490221571727
0.0757271568307598
0.075602209179538
0.0754884928986765
0.0753671819128494
0.0752604578101529
0.0751408550455492
0.0750283478006205
0.0749231511212838
0.0748159465502562
0.0746969566665157
0.074579846045149
0.0744538245581587
0.0743438168237809
0.0742354782837749
0.0741357228634857
0.0740287602191147
0.0739230884475949
0.0738184198254541
0.0737175601045584
0.0736252078390754
0.0735359287390384
0.0734567671511587
0.0733744109367134
0.0732999907130683
0.0732383533762509
0.0731758861214874
0.0730777077045889
0.0730184924219689
0.0729532777565004
0.072886143009757
0.0728260034279275
0.0727734454093686
0.0727242154254904
0.0726621786607939
0.0726141007655039
0.0725663350850266
0.0725239973227854
0.0724897070566347
0.0724402821376152
0.0723862060541761
0.0723363602026859
0.0722767693861777
0.0722343177292471
0.0721937365735605
0.072146191315148
0.0721140248265434
0.0720856057121575
0.0720402200722772
0.0720094356519219
0.0719798686303962
0.071949260826456
0.0719061172393761
0.071875258946766
0.0718429895148845
0.0718184651209938
0.071783748745341
0.0717588155650916
0.0717226251293251
0.0717001388928468
0.0716756073307588
0.0716445548994737
0.0716114302618393
0.0715988431066195
0.0715683376486064
0.0715479648356115
0.071539827537939
0.071525525789765
0.0715098089199878
0.0715015125281601
0.0714917621869942
0.0714964308736736
0.0714880341270847
0.0714733584379551
0.0714748512150283
0.0714744012115356
0.0714553369927684
0.0714446372637026
0.0714452869811349
0.0714349263476214
0.0714110930874136
0.0713981074998978
0.0714024335069263
0.0713983092050032
0.0713712426896113
0.0713575779154079
0.0713535511806138
0.0713435274523701
0.07132783527305
0.071317924842146
0.0713086794606516
0.0712747722948195
0.0712509432160601
0.0712235804151827
0.0712013233618993
0.0711865297957486
0.0711698344670495
0.0711514036381543
0.0711289054546806
0.0711162742946944
0.0711069417001337
0.0711098597537563
0.0711161261519517
0.0711284192119684
0.0711240685144828
0.0711045377655459
0.0710920881998896
0.0710843859719656
0.0710653271293464
0.071048842067766
0.0710258562477641
0.0710098450836673
0.070999372745747
0.0710042853502488
0.0710037953243215
0.0710185817222749
0.0710243740238702
0.0710457931945441
0.0710554732475538
0.0710645617251755
0.0710658888372461
0.0710659005851249
0.0710571165567689
0.0710506643827952
0.0710563802236201
0.0710476298459678
0.0710465161868814
0.0710505471031239
0.0710575350998405
0.0710559115031678
0.0710757226082631
0.0710900414804638
0.0711218889842916
0.0711227830177796
0.071121114221641
0.0711215721897974
0.071126953713868
0.0711372627761848
0.0711295004150507
0.0711219740070755
0.071127998677731
0.0711176844383829
0.071122960430661
0.0711286127532937
0.0711280590100576
0.0711346202999224
0.0711103764613066
0.0711060090380275
0.0711068339780587
0.0711216291371421
0.0711276962196312
0.0711314712710558
0.0711238697961263
0.0711388640717994
0.071149364883392
0.0711530304206924
0.0711608359901264
0.071163701078736
0.0711619243614059
0.0711689732877989
0.0711665345078079
0.071172767056183
0.0711766956264984
0.071203672937658
0.0712126972997378
0.0712149003256866
0.0712260992400428
0.0712262402145884
0.071231288815721
0.0712320122062915
0.0712446766187481
0.071248777225797
0.0712460564967149
0.0712501302230243
0.071249868782942
0.0712541983740691
0.0712560796276088
0.0712533131017111
0.0712665519655291
0.0712638630951014
0.0712699899125674
0.0712667674096792
0.0712722022969959
0.0712750166108752
0.0712755090262015
0.0712851038573109
0.0712875348717549
0.071282950411393
0.0712877630593667
0.0712927399785271
0.071304467547429
0.0713115234429027
0.0713164057816829
0.07132585127535
0.0713259394839992
0.0713327863070537
0.0713421531496678
0.0713402699049621
0.0713337169779941
0.0713384539616638
0.0713405564337347
0.0713488042411146
0.0713453370239376
0.0713489151490551
0.0713481103197993
0.0713538958514306
0.0713460636003735
0.0713610839603199
0.0713598400789838
0.0713626884417999
0.0713583510851258
0.0713537090800694
0.0713535983712455
0.0713602124270066
0.071350548303324
0.0713543396823091
0.0713674983021414
0.0713579446881662
0.0713576079820129
0.071355508894924
0.0713580794900974
0.0713607785154712
0.0713589143859581
0.0713636107498435
0.0713619975072335
0.0713540706757963
0.0713575343088747
0.0713496821461587
0.0713577517441907
0.0713632814110041
0.0713690699293842
0.0713780664151414
0.071374305301878
0.0713728461755084
0.0713658940197779
0.071360476256488
0.0713545397944818
0.0713480766690957
0.0713434247082098
0.0713455701894642
0.071341039689698
0.0713295265693632
0.0713316800152812
0.071345605233984
0.0713462601284476
0.0713472664636921
0.0713439306634643
0.0713317055022046
0.0713378245541237
0.0713436738030636
0.0713494055732156
0.0713482851441651
0.0713313763624818
0.0713125857299089
0.0713141485960217
0.0713088154572824
0.0713126982307821
0.0713162634133213
0.0713080827082321
0.0712976796628851
0.0713033576715579
0.0713088485106363
0.0713140038382609
0.0713170811851553
0.0713161857578513
0.0713175992865217
0.0713211694469756
0.0713339336168437
0.0713306973749108
0.0713365068005328
0.07134447684027
0.0713478747648737
0.0713513921594313
0.0713481419793371
0.071342960169206
0.0713472670610419
0.07136121298787
0.0713641447805372
0.0713606016999395
0.0713552673665006
0.0713570639954898
0.0713569051004512
0.0713613710864423
0.0713613774581731
0.0713525273231093
0.0713595581298927
0.0713661996637432
0.0713727525907112
0.0713635480281178
0.0713749020542974
0.0713864581838156
0.0713908823553228
0.071403691127307
0.0714046803385248
0.0714123116809428
0.0714156098481351
0.0714145728489358
0.071446126058444
0.0714610892719291
0.0714698444283795
0.0714807223667931
0.0714846425742117
0.0714996157435263
0.0715121744250738
0.0715110446375437
0.0715120376319767
0.0715174932274187
0.0715202217220478
0.0715269558451125
0.0715379962626633
0.0715395728678208
0.0715496963534758
0.071548010234194
0.0715485832917392
0.0715421787066305
0.0715399141536555
0.0715442797848854
0.0715393060515905
0.0715501873749861
0.0715586143872967
0.0715667865303724
0.0715682717410152
0.0715545868560362
0.0715465274129503
0.071552562636785
0.0715587681053039
0.0715584071069268
0.0715626012987729
0.071569153230158
0.0715711758564764
0.0715775973664952
0.071577139796572
0.0715856163889135
0.0715781274148571
0.0715841038992979
0.0715921175455682
0.0716018696787834
0.0715973947325458
0.0716109245057014
0.0716131743240488
0.0716088337815092
0.0716066767514927
0.071612982973006
0.0716166268065981
0.0716066309546771
0.0716122761091125
0.0716130534602788
0.0716158480616157
0.0716206599131231
0.0716276413389923
0.0716321047364676
0.0716270147190844
0.0716212974844434
0.0716263753557147
0.0716334704771566
0.0716357017776611
0.0716351163748873
0.0716389019794913
0.071622461520027
0.0716171188236913
0.0716202234495584
0.0716159601642557
0.0716116650202986
0.0716096818190649
0.0716094092284536
0.0716085034470869
0.0716050716726628
0.0715967681126379
0.0715994080003846
0.07159308784071
0.0715917300646846
0.0715814122412379
0.0715779476125765
0.0715721033415514
0.0715659225634896
0.0715645458713881
0.07156593012992
0.0715627412777354
0.0715640618189585
0.0715540765202167
0.0715437567056042
0.0715380886527609
0.0715395664960899
0.0715480438848976
0.0715472605602336
0.0715369178472132
0.0715376709061556
0.0715313587111446
0.0715316030272002
0.0715225886209499
0.0715226268513351
0.0715202934040201
0.0715180863957395
0.0715094214391042
0.0714964900113007
0.0714927575708262
0.0714958783251371
0.0714944299510634
0.0715067297810442
0.071496461736745
0.0714882208984458
0.0714820032838149
0.0714735663156748
0.0714815220190175
0.0714903618000186
0.071488065985739
0.0714881079993394
0.0714904898319858
0.0714855316297849
0.0714827649047706
0.0714917231601426
0.0714806275872964
0.0714762667348647
0.0714736463605439
0.071475412922928
0.0714752846918442
0.0714773539114447
0.0714789781054671
0.0714778154636997
0.0714806046888886
0.0714829608354949
0.0714712661208302
0.0714641305787206
0.0714571612989635
0.0714636793805283
0.0714614395180104
0.0714640674587617
0.0714532538350066
0.0714560898525942
0.0714591080618613
0.0714627654353815
0.0714667672806019
0.0714753601570317
0.0714659980932157
0.0714728096726338
0.071484374563282
0.0714758029923273
0.0714716900400498
0.071474229174802
0.0714837250449663
0.0714820225981241
0.0714846403839293
0.0714800037550208
0.0714615243416777
0.0714523454651243
0.0714479198998009
0.0714504411140601
0.0714531763786532
0.0714558290098616
0.0714608991155859
0.0714571147056815
0.0714532556270559
0.0714516656810869
0.071447502949662
0.0714473518201704
0.0714493194903101
0.0714491693564015
0.0714469034096104
0.0714400255243679
0.0714396593489594
0.0714299876588464
0.0714313649482975
0.0714165476872727
0.0714130740983649
0.0714143578030189
0.0714135157389609
0.0714237226544671
0.0714177429841609
0.0714163862037184
0.0714149627192185
0.0713997004326156
0.071395641440934
0.0713960490325931
0.0714151522782119
0.071426174576153
0.0714241356222742
0.0714245539662292
0.071431972851246
0.0714260397742218
0.0714294570131347
0.0714240635420687
0.0714234791348778
0.0714231625395002
0.0714185725038737
0.0714190882158411
0.0714068453332049
0.0713975007916488
0.0713838569246873
0.0713774784238519
0.0713628387748252
0.0713536961374911
0.0713439031853749
0.0713312505207971
0.07130633705309
0.0712919895081004
0.0713016594061641
0.0712874361099264
0.0712834302823742
0.0712781976975127
0.071284893191959
0.0712764116217028
0.0712646103796626
0.0712499145797576
0.0712349408130932
0.0712173114284717
0.0711949454584136
0.0711704475470293
0.0711484634825903
0.0711358345128866
0.0711307763541577
0.0711108475711579
0.0710915149432278
0.0710794614204685
0.0710794791418449
0.0710667749060704
0.0710569618431787
0.0710476384079811
0.0710393481887677
0.0710345275761303
0.071017447952413
0.0710158844889504
0.0710031272881629
0.070990977990324
0.070973069245127
0.0709475649984981
0.0709216997534921
0.0708940705346177
0.0708805294118165
0.0708624992054998
0.0708428055791925
0.0708222211052627
0.0708012097253646
0.0707893099206125
0.0707796396243157
0.0707653107962855
0.0707489569525377
0.0707424344904079
0.0707347432138964
0.0707328876463967
0.0707347858248466
0.070740845938255
0.0707426883640598
0.0707584153887831
0.0707791844437915
0.0708100714091906
0.0708403309582153
0.0708637470691676
0.0708939952685468
0.0709355122722052
0.0709704775435951
0.0710244200198024
0.0710641370094896
0.0711240677180165
0.0711797693892941
0.0712366753177064
0.0713019493199187
0.07137116861824
0.0714669956673303
0.0715466285641778
0.0716510232018911
0.0717646012958394
0.0718744230553224
0.0720104451730319
0.0721454888318194
0.0722929278965509
0.0724485665824475
0.0726131914000386
0.0727713086892442
0.0729589487960925
0.0731289636997676
0.0733162147327996
0.0735029590141107
0.0737126056855727
0.0739388202511163
0.0741771570346428
0.0744205139456295
0.0746698626730344
0.0749523541576835
0.0752582159564691
0.0755560216971509
0.0758777443270082
0.0762078991462073
0.0765532427779878
0.076895772494122
0.0772592349391016
0.077625900174427
0.0780068599897291
0.0784050157128369
0.078811682077223
0.079231330644143
0.0796596391897836
0.0801126300287705
0.0805632567564876
0.0810279648103138
0.0815144058425594
0.0820163011098003
0.0825201722109611
0.0830419598228659
0.083579279325236
0.0841297341507974
0.0847024924238078
0.0852865061602859
0.0858755533650358
0.0864682320581492
0.0870805297088487
0.0876966350660937
0.088343930045954
0.0890020382513363
0.0896868953811499
0.0903868849735497
0.0910996094656789
0.0918386249140831
0.0925745669979247
0.093335183012216
0.0940984108388148
0.0948824324108791
0.0956780218603404
0.0964781308581554
0.0972967993141827
0.0981301908490878
0.0989956560842667
0.0998748169567205
0.10076350456241
0.101670402176696
0.102595098623823
0.103533080528049
0.104489051421457
0.105462710637998
0.106457835817612
0.107480692761143
0.108475471079657
0.109515057799058
0.110564504971098
0.111630319327698
0.112725431699311
0.113835675737044
0.114967834944876
0.116108025719471
0.117255970293187
0.118438169491184
0.119633522131982
0.120844072346492
0.122072004642818
0.123292699051108
0.124533654966219
0.125794216298988
0.127070022196983
0.128375470183458
0.129700513034412
0.131043582706701
0.132358748976571
0.133700699016276
0.135033601596377
0.136396004095712
0.137782042132482
0.139194486812265
0.140614312943146
0.142067749556141
0.14351511829018
0.144980300392569
0.146448505283908
0.147924001426529
0.1494212789329
0.150931379945884
0.152432628832637
0.153944808622818
0.155444489267311
0.156964313939837
0.158473963555511
0.159999496900665
0.161523917980549
0.163072994871273
0.164589481553289
0.166136672809908
0.167683517802777
0.16925391370853
0.170832654789675
0.17241672721751
0.174001924454961
0.17558389759659
0.177168739211812
0.178764448610501
0.180360579339893
0.18193602026268
0.183496751447401
0.185061925719705
0.186625812105906
0.188198061787109
0.189756711407001
0.191307502094212
0.192851194673233
0.194399691537331
0.195925102027549
0.197426634655443
0.198916672680845
0.200415944140746
0.201913271824499
0.203394316151776
0.204871247327659
0.206315089507777
0.207743484023748
0.209146541949258
0.210572668925504
0.211967770351205
0.213355712539923
0.214724662988312
0.216084613366845
0.217405014610976
0.21871360625017
0.220015301088045
0.22126834178722
0.22249454853918
0.22370682927597
0.224890124610794
0.226045214284216
0.227179486318181
0.228271516962335
0.229325998797347
0.230367249135855
0.231370511812257
0.232373031982896
0.233320288737872
0.234248289524805
0.235140327068
0.235988798498712
0.236804131552744
0.237587246347859
0.23834922571344
0.239043597828611
0.239700338501255
0.240323404576243
0.240881204414567
0.241392252474088
0.241875923595454
0.242337704038061
0.242763663406176
0.243142246964096
0.243479784229976
0.243776044228572
0.244024235491241
0.244239691389208
0.24441507288321
0.244540873350785
0.244632808467013
0.244686567955074
0.24470430745117
0.244678981613005
0.244604322648569
0.244480969722115
0.244315566956007
0.24410131093461
0.243840650991092
0.243531817775438
0.243198264235169
0.242829649250197
0.24241081964981
0.241971599714169
0.24146934583795
0.240943010602252
0.240315015196968
0.239692587290649
0.239042628927285
0.238351443673133
0.237626769796221
0.236863200683787
0.236062389003527
0.235218971948329
0.234364925452221
0.233460360887017
0.23252344107068
0.231558125635716
0.230542143391561
0.229503631901745
0.22843298279523
0.227344605343148
0.226229781424735
0.225105167540954
0.223942644845238
0.222759366634441
0.221526947245765
0.220264907671434
0.219016691766345
0.217729675206114
0.216431474864389
0.215112110022107
0.213776683440115
0.212425776538855
0.211054155936997
0.209650466811898
0.208253009438707
0.206819518533622
0.205376294610515
0.203938077474057
0.202501171122109
0.20106560422746
0.199622647518816
0.19817351062946
0.196691718619388
0.195203236491018
0.193704147222797
0.192186150838797
0.190685818087473
0.189187450019539
0.187704804595764
0.186219574240421
0.184736555074807
0.183244433294293
0.181786690785046
0.180309135179537
0.178840509355728
0.177346744266
0.175876939273746
0.17440581314292
0.172941016530248
0.171482116357148
0.170048053190985
0.16862645173659
0.167232194166996
0.165832125578847
0.16444848012702
0.163057939068573
0.161693411198759
0.160314710210088
0.158993867723594
0.157657787441838
0.156356655108328
0.155054542922081
0.15376751003429
0.152505331874813
0.15123003551617
0.149976434502912
0.148740973210095
0.147519496671841
0.146307847931106
0.145125772981861
0.143965780261533
0.142826214912146
0.141698535031117
0.1405652585801
0.139463224318479
0.138386061909197
0.137318320502241
0.136262401642801
0.135244004512646
0.134257201809134
0.133291230285006
0.132312165451287
0.131342589120419
0.130412256877337
0.129484561933486
0.128575928819004
0.127709813468159
0.12685489006259
0.126003968900475
0.125169749837023
0.124359090049351
0.123565371300251
0.122777125469735
0.12203062483049
0.121277766597651
0.12053369697285
0.119821186929288
0.119113811306108
0.118416615120346
0.117748945336325
0.117102755055304
0.116443499540132
0.115794796009516
0.115180400068194
0.114568076930571
0.113959105124269
0.113339377039791
0.112758934061116
0.112179201928667
0.111602457739764
0.111055712058036
0.11049362205367
0.1099343885759
0.10937802954522
0.108807281951533
0.108256246501996
0.107717246654725
0.10722641430521
0.106728085415207
0.106244461484473
0.10574672994424
0.105281503191698
0.104816307501343
0.104357928368322
0.103890733746523
0.103435696387227
0.102978594188895
0.102516763768023
0.102070226098593
0.101613735984658
0.101180757955872
0.100751709293867
0.100330152592668
0.0999271308583403
0.0995225016557838
0.099113970962768
0.0987192866382856
0.0983311424973093
0.0979539533528669
0.0975738146943809
0.0971929259637013
0.0968314873397398
0.0964547569599201
0.0960901008109852
0.0957257560803965
0.0954303970843694
0.0950288713129803
0.0946869948983769
0.0943404637352553
0.0940048670596588
0.0936820200184194
0.0933696494965485
0.0930678281716017
0.092759155842152
0.0924568640047036
0.0921534302336131
0.0918626754104902
0.0915859417802665
0.09131155314612
0.0910420524260182
0.0907677985938029
0.0904835295953575
0.0901910048248685
0.0899170217912153
0.0896363890599315
0.0893631803906957
0.0890958006605077
0.0888320514231003
0.0885783617549227
0.0883181557972295
0.088020980857904
0.0877500570515354
0.0874764423835732
0.0872049299885654
0.0869589250260518
0.0866912336784009
0.086433732321346
0.0861843150978343
0.0859109821798465
0.0856424866002897
0.0853853241396706
0.0851353179292864
0.0848853439757897
0.0846445425271156
0.0844085823992041
0.08416359691363
0.0839169679197242
0.0836853021393034
0.0834572130901841
0.0832419714416673
0.0830219049990648
0.0828033293423695
0.0825745394028543
0.082332596020538
0.0821057295472796
0.0818806149017776
0.0816678319449108
0.0814542059284031
0.0812580422376982
0.0810520913692583
0.0808511022871178
0.0806408299913309
0.0804301728031761
0.0801769261694106
0.0799561626196274
0.0797559411319404
0.0795606933775482
0.0793617360810894
0.0791859543627425
0.0790101431751403
0.0788392410079413
0.0786705456499063
0.0784902232768472
0.0783143181062146
0.0781289783933275
0.0779704425610503
0.0778201712619465
0.0776622735983394
0.0775013575263486
0.07734202303743
0.0771893171397836
0.0770301218333613
0.0768845397299456
0.076740890650383
0.0766200308627483
0.0764902303420016
0.0763515338893754
0.076213505871141
0.0761006218976245
0.0759805326911921
0.0758532671237491
0.0757213382457747
0.0756013239071801
0.0755089039420566
0.075398093369589
0.0753024323837344
0.0752130037471385
0.0751226346828893
0.0750333792777264
0.074934415544998
0.0748522303717033
0.0747591262419775
0.0746732552214903
0.0745877193142236
0.0744975113352954
0.074411089558321
0.0743194989137937
0.0742205130791239
0.0741458799998445
0.0740532617145976
0.0739556378374016
0.073844717551693
0.0737542700355075
0.0736759156662826
0.0735851629043649
0.0734952800828278
0.0734059097873926
0.0733373537464318
0.073250893340839
0.0731691741003642
0.0730903928251709
0.0730007166866539
0.0729320140958831
0.0728754484577226
0.0728221911417005
0.072794059153437
0.0727509040175949
0.0727083478244547
0.0726477237919625
0.0726281478435597
0.0725880487491368
0.0725370496143588
0.0724510760488279
0.0724194895868491
0.0723888716279628
0.0723823107363312
0.0723776512090149
0.0723704493610809
0.072379262460459
0.0723791400037564
0.0723953739793171
0.0724005157670137
0.0724048766194454
0.0724013504637578
0.0724009862795152
0.0724083970007518
0.0724217634983038
0.0724297351309737
0.0724278403375058
0.0724408882485143
0.0724482854298228
0.0724313848119196
0.0724334373057266
0.0724619175489055
0.0724896437375591
0.0724967681291397
0.0725121721867544
0.0726006799091229
0.0726303978610236
0.0726581551118652
0.0726905818458526
0.0727155438980076
0.0727308836409639
0.0727501023742047
0.0727540126257938
0.0727675320448867
0.0727959774426625
0.0728143326072536
0.072819525966147
0.072829285466676
0.0728346968582352
0.0728312328269236
0.0728347185619434
0.0728338880466476
0.0728261027871058
0.0728243871985686
0.0728265537861815
0.0728172462803112
0.0728168271398898
0.0727976078092992
0.0727863788283379
0.0728227199953629
0.0728092636962288
0.0728017984170466
0.072795788879252
0.0727865514624212
0.0727856707697448
0.0727777925227555
0.0727652704786606
0.0727400784468445
0.0727316514345339
0.0727206277427766
0.0727114022729412
0.0726902069093142
0.0726730072182932
0.0726549612817659
0.0726360690997323
0.0726261648414425
0.0726163243004614
0.0726017135233402
0.0725802913659174
0.0725793033493992
0.0725577438015295
0.0725500459541705
0.0725314683763487
0.0724993646094698
0.0724742335073301
0.07246779805915
0.0724572116274238
0.0724558032757846
0.0724476173936643
0.0724323612796757
0.0724145781770468
0.0723991100038902
0.0724278823511063
0.0724219892965166
0.0724168668231292
0.072405635851002
0.0724003280000696
0.0723779423174691
0.0723715510731719
0.0723564068627068
0.0723370469558039
0.0723360193150843
0.0723329714374453
0.0723391872600269
0.0723228919565565
0.0723017935627086
0.0722829195002847
0.0722667128036967
0.0722555132919907
0.0722538602260628
0.0722597144529175
0.0722591634973137
0.0722674312163525
0.0722574343688485
0.0722346142138492
0.0722293017832352
0.0722458879960432
0.072227098956403
0.0722249196253284
0.0722368538772505
0.0722519363615728
0.0722795641866311
0.0722804841052757
0.0722998079720759
0.0722988759073193
0.0723160610628292
0.0723103557751837
0.072316189293913
0.0723294753483628
0.0723270666349768
0.072331515098708
0.0723316951001051
0.0723343413595826
0.0723193940754247
0.0723139344976509
0.0723088721574736
0.0723113868008853
0.0723030107624217
0.0723225582371521
0.0723268241109705
0.0723139115992431
0.0722955317441948
0.0723025474181174
0.0723185360820396
0.0723254890342364
0.0723302913281475
0.0723301421898218
0.0723339658256944
0.0723177585317567
0.0723182794207554
0.0723302276108388
0.072339530337911
0.0723302180532425
0.0723318681324216
0.0723333469713335
0.0723462272261734
0.072354843996594
0.0723663849932513
0.0723648826585819
0.0723724319649649
0.0724121881806203
0.0724672148466587
0.0724799573128185
0.0724833474718753
0.0724952417013628
0.0724951292004896
0.072508202399305
0.0725117570286649
0.0725107793662093
0.0725168380858016
0.0725205460349355
0.0725259874930997
0.0725265720994072
0.0725313743933183
0.0725311575553521
0.0725329509984758
0.072532357830155
0.0725544221385796
0.0725667657742102
0.0725740843044657
0.0726279851653059
0.0726514572280199
0.0726679108291791
0.0726859834473294
0.0727158178824351
0.0727303348756426
0.0727381699143319
0.0727393210073371
0.0727561857842541
0.0727612220401582
0.0727633579638162
0.0727766623369922
0.0727807786742517
0.0727778984527813
0.0727861767249994
0.0727346071211918
0.0727368175144544
0.0727410421711388
0.072749169911215
0.0727588529509736
0.0727725874159834
0.0727351901345666
0.072698377061224
0.0727149457517721
0.0727237572582174
0.0727315443098086
0.0727588137250054
0.0727712945519663
0.0727873041231304
0.072784442817736
0.0727827604816694
0.0727911813213656
0.0727940384453117
0.0727979162408967
0.0728003185825518
0.0727924636322035
0.0727951548920303
0.0727971163895557
0.0728285447529622
0.0728324767082597
0.0728310211659887
0.0728287193782114
0.0728301125969898
0.0728242275070637
0.0728044757387122
0.072804677244701
0.0727997839545084
0.0728031189582698
0.0728029612579307
0.0728022639516334
0.0727961910947632
0.0727914813900664
0.0727885898189503
0.0727897178144311
0.0727906347463268
0.0727916512365174
0.0727835444036831
0.0727641207794715
0.0727512367414164
0.0727355071281774
0.0727172286234733
0.0727034326314372
0.0727028989989768
0.0726857437109554
0.0726752703774521
0.072666939737571
0.0726629512331621
0.0726703502065198
0.0726709895698895
0.0726600393521539
0.0726624032643071
0.072642516893141
0.0726320126965663
0.0725925175227601
0.0725520066552296
0.0725417919741764
0.0725340246351276
0.0725178796646825
0.0723976528686865
0.0724086361397761
0.0724124376737072
0.0724245800024656
0.0724244139392298
0.0724163323942023
0.0724100152212765
0.0724336099398099
0.072444224048742
0.0724436139555111
0.0724391196949643
0.072455640995764
0.0724577062330327
0.0724658301898937
0.0724464895973
0.07231789671867
0.0723113915796834
0.0723269376074267
0.0723211773636023
0.0723371696116231
0.0723456336596194
0.0723490716066577
0.0723564176150026
0.0723675273251266
0.072364696683687
0.072364193914298
0.072386529817751
0.0723996348752207
0.072403821699753
0.072413018695916
0.0724289782888161
0.0724246172372679
0.0724337654498664
0.0724636186019316
0.0724877067313743
0.0724962155806032
0.0724951361695703
0.0725027818483827
0.072494858202811
0.0725050408260933
0.0725100300904821
0.0725423704078696
0.0725657596380823
0.0725637971449739
0.0725637284497504
0.0725835682276346
0.0725827637966121
0.0725800814970319
0.0725777147972463
0.0725690753275345
0.0725792071760863
0.0725940435523038
0.0725908901428722
0.0725985846052492
0.0725941259865719
0.0725937805192887
0.0726022397884868
0.0725878733274212
0.0725982771692346
0.0725880487491368
0.0725935101189598
0.072605735081103
0.0726046757808456
0.0726105423529288
0.0726092660155887
0.0725906211363595
0.0725799445048181
0.072587602130626
0.0725973297725007
0.0725718125832935
0.0725238079629085
0.0725219306917006
0.0725352284940291
0.0725322212361744
0.0725378046644671
0.0725401014743296
0.0724950521423694
0.0724876051819135
0.0724871050010401
0.0725065700415024
0.0725253531076449
0.0725209122103441
0.0725250301405363
0.0725286263852634
0.0725274623496798
0.0725328140062621
0.0725468807968602
0.0725469684081596
0.0726141272480104
0.0726193652090198
0.0726269539404876
0.0726251684620275
0.0726208918359133
0.072623050259746
0.0726606952422004
0.0727176459718454
0.0727325046491209
0.0727286756371004
0.0727294565723653
0.0727295485642297
0.0727306900996386
0.0727309824027924
0.0727487368326323
0.072741199274128
0.0727357576168473
0.0727278626440645
0.0727284816975419
0.0727213425713338
0.0727162714700265
0.0727178036721845
0.0727098192960529
0.0727057838001288
0.0727007009509428
0.072697213224757
0.0726887322518506
0.0726754023917511
0.0726404016776083
0.0726344056797417
0.0726200260769811
0.0726082262287571
0.0725874155583814
0.0725861151279339
0.0725839624784823
0.0725742189072804
0.072572695665369
0.0725483556534403
0.0725353135168129
0.0725175897509278
0.0724804035330961
0.0724274217944342
0.0724286103213583
0.0724188862635823
0.0724073201782346
0.0723923039997366
0.0723852481042629
0.0723803966285541
0.0723663113201132
0.0723576503458097
0.0723559938948997
0.0723408232019281
0.0723324788230023
0.072319368190268
0.0722976837962966
0.0722810235121173
0.0722876807761783
0.0722835190403363
0.0723053073731676
0.0723312514683432
0.0723181462117569
0.0723109292309621
0.0722749042610817
0.0723497782714347
0.0723606201697455
0.0723739064233119
0.0723692586438744
0.0723279361771242
0.072272637119591
0.0722974414714069
0.0723114487261447
0.0723326476738704
0.0723454998532711
0.0723911493226328
0.0724010263019498
0.072417564328543
0.0724383917247123
0.0724534112881922
0.0726149213249702
0.0726455500361523
0.0726788958923179
0.0726903359368643
0.0727053314072369
0.0727233914810421
0.0727141928919463
0.0727299714878663
0.072755556376714
0.0727866711314916
0.0728127575950288
0.0728444545667149
0.0728784804060344
0.0729419004336798
0.0729783188579415
0.0730017805665928
0.073046678968178
0.0730787052787035
0.0730957785306899
0.0731299383754744
0.0731339919910081
0.0731473031341482
0.0731739043140698
0.0732204844543719
0.0732436443022732
0.073270276942616
0.0732870075149516
0.0733070973832724
0.0732980059189019
0.0733371474616448
0.0733568972388304
0.073407143314666
0.0734411398838468
0.07347320661504
0.0735084263574316
0.0735376568719206
0.073579988262431
0.0736306712000644
0.0735767834809193
0.0732253062617088
0.0732976646330671
0.0733712495626182
0.0734509875930251
0.073516606863404
0.0735930837623044
0.073686485969565
0.0737753469247636
0.0738539245036856
0.0739316845098902
0.074006061127002
0.0741209494081107
0.0742218145051544
0.0743210237486379
0.0744176193877646
0.0745119038806343
0.0745867820776263
0.0746627646125072
0.0747398384038214
0.0748179903701625
0.0748972074301242
0.0749774765023001
0.0750587845052839
0.0751411183576693
0.07522446497805
0.0753088112850195
0.0753941441971715
0.0754804506330997
0.0755677175113978
0.0756559317506593
0.0757450802694781
0.0758351499864476
0.0759261278201616
0.0760180006892138
0.0761107555121977
0.0762043792077071
0.0762988586943356
0.0763941808906769
0.0764903327153245
0.0765873010868723
0.0766850729239137
0.0767836351450426
0.0768829746688525
0.0769830784139371
0.0770839332988901
0.077185526242305
0.0772878441627757
0.0773908739788957
0.0774946026092586
0.0775990169724583
0.0777041039870882
0.0778098505717421
0.0779162436450136
0.0780232701254963
0.078130916931784
0.0782391709824703
0.0783480191961488
0.0784574484914133
0.0785674457868572
0.0786779980010744
0.0787890920526585
0.0789007148602031
0.0790128533423019
0.0791254944175485
0.0792386250045366
0.0793522320218599
0.079466302388112
0.0795808230218865
0.0796957808417772
0.0798111627663777
0.0799269557142816
0.0800431466040826
0.0801597223543744
0.0802766698837506
0.0803939761108048
0.0805116279541308
0.0806296123323221
0.0807479161639725
0.0808665263676756
0.0809854298620251
0.0811046135656145
0.0812240643970377
0.0813437692748882
0.0814637151177596
0.0815838888442457
0.0817042773729401
0.0818248676224364
0.0819456465113283
0.0820666009582095
0.0821877178816737
0.0823089842003144
